 Q_DIAG:  NEG Q  COUNT,RMS=        0   0.00000    
          NEG RH COUNT,RMS=        0   0.00000    
     SUPERSAT Q  COUNT,RMS=       15  0.279468E-12
     SUPERSAT RH COUNT,RMS=       15  0.127504E-06
 Q_DIAG:  mean_ps, mean_pw, pdryini=  98.5620      0.229977       98.3320    
 Minimization iteration           0
  entering negative stepsize option   1.00000000000000000000000000000000000      
 b=-0.000000000000000000E+00-0.000000000000000000E+00-0.000000000000000000E+00
    0.000000000000000000E+00 0.000000000000000000E+00 0.000000000000000000E+00
    0.000000000000000000E+00 0.000000000000000000E+00 0.000000000000000000E+00
    0.000000000000000000E+00 0.000000000000000000E+00 0.000000000000000000E+00
    0.000000000000000000E+00 0.000000000000000000E+00 0.000000000000000000E+00
    0.000000000000000000E+00 0.000000000000000000E+00 0.000000000000000000E+00
    0.000000000000000000E+00 0.000000000000000000E+00 0.000000000000000000E+00
    0.000000000000000000E+00 0.000000000000000000E+00 0.000000000000000000E+00
    0.000000000000000000E+00 0.000000000000000000E+00 0.000000000000000000E+00
    0.000000000000000000E+00 0.000000000000000000E+00 0.000000000000000000E+00
    0.000000000000000000E+00 0.000000000000000000E+00 0.000000000000000000E+00
    0.000000000000000000E+00 0.000000000000000000E+00 0.000000000000000000E+00
    0.000000000000000000E+00 0.000000000000000000E+00 0.000000000000000000E+00
    0.000000000000000000E+00 0.000000000000000000E+00 0.000000000000000000E+00
    0.000000000000000000E+00
 c= 0.000000000000000000E+00 0.000000000000000000E+00 0.000000000000000000E+00
    0.000000000000000000E+00 0.000000000000000000E+00 0.000000000000000000E+00
    0.000000000000000000E+00 0.000000000000000000E+00 0.000000000000000000E+00
    0.000000000000000000E+00 0.000000000000000000E+00 0.000000000000000000E+00
    0.000000000000000000E+00 0.000000000000000000E+00 0.000000000000000000E+00
    0.000000000000000000E+00 0.000000000000000000E+00 0.000000000000000000E+00
    0.000000000000000000E+00 0.000000000000000000E+00 0.000000000000000000E+00
    0.000000000000000000E+00 0.000000000000000000E+00 0.000000000000000000E+00
    0.000000000000000000E+00 0.000000000000000000E+00 0.000000000000000000E+00
    0.000000000000000000E+00 0.000000000000000000E+00 0.000000000000000000E+00
    0.000000000000000000E+00 0.000000000000000000E+00 0.000000000000000000E+00
    0.000000000000000000E+00 0.000000000000000000E+00 0.000000000000000000E+00
    0.000000000000000000E+00 0.000000000000000000E+00 0.000000000000000000E+00
    0.000000000000000000E+00 0.000000000000000000E+00 0.000000000000000000E+00
    0.000000000000000000E+00
 J= 0.000000000000000000E+00 0.000000000000000000E+00 0.000000000000000000E+00
    0.000000000000000000E+00 0.000000000000000000E+00 0.000000000000000000E+00
    0.000000000000000000E+00 0.000000000000000000E+00 0.000000000000000000E+00
    0.000000000000000000E+00 0.000000000000000000E+00 0.000000000000000000E+00
    0.000000000000000000E+00 0.000000000000000000E+00 0.000000000000000000E+00
    0.000000000000000000E+00 0.000000000000000000E+00 0.000000000000000000E+00
    0.000000000000000000E+00 0.000000000000000000E+00 0.000000000000000000E+00
    0.000000000000000000E+00 0.000000000000000000E+00 0.000000000000000000E+00
    0.000000000000000000E+00 0.000000000000000000E+00 0.000000000000000000E+00
    0.000000000000000000E+00 0.000000000000000000E+00 0.000000000000000000E+00
    0.000000000000000000E+00 0.000000000000000000E+00 0.000000000000000000E+00
    0.000000000000000000E+00 0.000000000000000000E+00 0.000000000000000000E+00
    0.000000000000000000E+00 0.000000000000000000E+00 0.000000000000000000E+00
    0.000000000000000000E+00 0.000000000000000000E+00 0.000000000000000000E+00
    0.000000000000000000E+00
 b=-0.000000000000000000E+00-0.000000000000000000E+00-0.000000000000000000E+00
    0.000000000000000000E+00 0.000000000000000000E+00 0.000000000000000000E+00
    0.000000000000000000E+00 0.000000000000000000E+00 0.000000000000000000E+00
    0.000000000000000000E+00 0.000000000000000000E+00 0.000000000000000000E+00
    0.000000000000000000E+00 0.000000000000000000E+00 0.000000000000000000E+00
    0.000000000000000000E+00 0.000000000000000000E+00 0.000000000000000000E+00
    0.000000000000000000E+00 0.000000000000000000E+00 0.000000000000000000E+00
    0.000000000000000000E+00 0.000000000000000000E+00 0.000000000000000000E+00
    0.000000000000000000E+00 0.000000000000000000E+00 0.000000000000000000E+00
    0.000000000000000000E+00 0.000000000000000000E+00 0.000000000000000000E+00
    0.000000000000000000E+00 0.000000000000000000E+00 0.000000000000000000E+00
    0.000000000000000000E+00 0.000000000000000000E+00 0.000000000000000000E+00
    0.000000000000000000E+00 0.000000000000000000E+00 0.000000000000000000E+00
    0.000000000000000000E+00 0.000000000000000000E+00 0.000000000000000000E+00
    0.000000000000000000E+00
 c= 0.000000000000000000E+00 0.000000000000000000E+00 0.000000000000000000E+00
    0.000000000000000000E+00 0.000000000000000000E+00 0.000000000000000000E+00
    0.000000000000000000E+00 0.000000000000000000E+00 0.000000000000000000E+00
    0.000000000000000000E+00 0.000000000000000000E+00 0.000000000000000000E+00
    0.000000000000000000E+00 0.000000000000000000E+00 0.000000000000000000E+00
    0.000000000000000000E+00 0.000000000000000000E+00 0.000000000000000000E+00
    0.000000000000000000E+00 0.000000000000000000E+00 0.000000000000000000E+00
    0.000000000000000000E+00 0.000000000000000000E+00 0.000000000000000000E+00
    0.000000000000000000E+00 0.000000000000000000E+00 0.000000000000000000E+00
    0.000000000000000000E+00 0.000000000000000000E+00 0.000000000000000000E+00
    0.000000000000000000E+00 0.000000000000000000E+00 0.000000000000000000E+00
    0.000000000000000000E+00 0.000000000000000000E+00 0.000000000000000000E+00
    0.000000000000000000E+00 0.000000000000000000E+00 0.000000000000000000E+00
    0.000000000000000000E+00 0.000000000000000000E+00 0.000000000000000000E+00
    0.000000000000000000E+00
EJ= 0.000000000000000000E+00 0.000000000000000000E+00 0.000000000000000000E+00
    0.000000000000000000E+00 0.000000000000000000E+00 0.000000000000000000E+00
    0.000000000000000000E+00 0.000000000000000000E+00 0.000000000000000000E+00
    0.000000000000000000E+00 0.000000000000000000E+00 0.000000000000000000E+00
    0.000000000000000000E+00 0.000000000000000000E+00 0.000000000000000000E+00
    0.000000000000000000E+00 0.000000000000000000E+00 0.000000000000000000E+00
    0.000000000000000000E+00 0.000000000000000000E+00 0.000000000000000000E+00
    0.000000000000000000E+00 0.000000000000000000E+00 0.000000000000000000E+00
    0.000000000000000000E+00 0.000000000000000000E+00 0.000000000000000000E+00
    0.000000000000000000E+00 0.000000000000000000E+00 0.000000000000000000E+00
    0.000000000000000000E+00 0.000000000000000000E+00 0.000000000000000000E+00
    0.000000000000000000E+00 0.000000000000000000E+00 0.000000000000000000E+00
    0.000000000000000000E+00 0.000000000000000000E+00 0.000000000000000000E+00
    0.000000000000000000E+00 0.000000000000000000E+00 0.000000000000000000E+00
    0.000000000000000000E+00
 stepsize estimates =  0.100000000000000000E+01  0.100000000000000000E+01
 stepsize stprat    =  0.000000000000000000E+00
 stepsize guesses   =  0.100000E+01  0.900000E+00  0.110000E+01  0.000000E+00
 penalties          =  0.000000E+00  0.000000E+00  0.000000E+00  0.000000E+00
pcgsoi: gnorm(1:2)  0.000000000000000000E+00  0.000000000000000000E+00
costterms Jb,Jo,Jc,Jl  =   1   0  0.000000000000000000E+00  0.000000000000000000E+00  0.000000000000000000E+00  0.000000000000000000E+00
cost,grad,step,b,step? =   1   0  0.000000000000000000E+00  0.000000000000000000E+00  1.000000000000000000E+00  0.000000000000000000E+00  good 
grad and penalty reduction WRT outer and initial iter=N/A
 PCGSOI: WARNING **** Stopping inner iteration ***
 penalty  0.000000000000000000E+00 less than  0.100000000000000004E-09
costterms Jb,Jo,Jc,Jl =   1   0  0.000000000000000000E+00  0.000000000000000000E+00  0.000000000000000000E+00  0.000000000000000000E+00
penalty and grad reduction WRT outer and initial iter=N/A
 Q_DIAG:  NEG Q  COUNT,RMS=        0   0.00000    
          NEG RH COUNT,RMS=        0   0.00000    
     SUPERSAT Q  COUNT,RMS=        0   0.00000    
     SUPERSAT RH COUNT,RMS=        0   0.00000    
 Q_DIAG:  mean_ps, mean_pw, pdryini=  98.5620      0.229977       98.3320    
 Minimization iteration           0
  entering negative stepsize option   1.00000000000000000000000000000000000      
 b=-0.000000000000000000E+00-0.000000000000000000E+00-0.000000000000000000E+00
    0.000000000000000000E+00 0.000000000000000000E+00 0.000000000000000000E+00
    0.000000000000000000E+00 0.000000000000000000E+00 0.000000000000000000E+00
    0.000000000000000000E+00 0.000000000000000000E+00 0.000000000000000000E+00
    0.000000000000000000E+00 0.000000000000000000E+00 0.000000000000000000E+00
    0.000000000000000000E+00 0.000000000000000000E+00 0.000000000000000000E+00
    0.000000000000000000E+00 0.000000000000000000E+00 0.000000000000000000E+00
    0.000000000000000000E+00 0.000000000000000000E+00 0.000000000000000000E+00
    0.000000000000000000E+00 0.000000000000000000E+00 0.000000000000000000E+00
    0.000000000000000000E+00 0.000000000000000000E+00 0.000000000000000000E+00
    0.000000000000000000E+00 0.000000000000000000E+00 0.000000000000000000E+00
    0.000000000000000000E+00 0.000000000000000000E+00 0.000000000000000000E+00
    0.000000000000000000E+00 0.000000000000000000E+00 0.000000000000000000E+00
    0.000000000000000000E+00 0.000000000000000000E+00 0.000000000000000000E+00
    0.000000000000000000E+00
 c= 0.000000000000000000E+00 0.000000000000000000E+00 0.000000000000000000E+00
    0.000000000000000000E+00 0.000000000000000000E+00 0.000000000000000000E+00
    0.000000000000000000E+00 0.000000000000000000E+00 0.000000000000000000E+00
    0.000000000000000000E+00 0.000000000000000000E+00 0.000000000000000000E+00
    0.000000000000000000E+00 0.000000000000000000E+00 0.000000000000000000E+00
    0.000000000000000000E+00 0.000000000000000000E+00 0.000000000000000000E+00
    0.000000000000000000E+00 0.000000000000000000E+00 0.000000000000000000E+00
    0.000000000000000000E+00 0.000000000000000000E+00 0.000000000000000000E+00
    0.000000000000000000E+00 0.000000000000000000E+00 0.000000000000000000E+00
    0.000000000000000000E+00 0.000000000000000000E+00 0.000000000000000000E+00
    0.000000000000000000E+00 0.000000000000000000E+00 0.000000000000000000E+00
    0.000000000000000000E+00 0.000000000000000000E+00 0.000000000000000000E+00
    0.000000000000000000E+00 0.000000000000000000E+00 0.000000000000000000E+00
    0.000000000000000000E+00 0.000000000000000000E+00 0.000000000000000000E+00
    0.000000000000000000E+00
 J= 0.000000000000000000E+00 0.000000000000000000E+00 0.000000000000000000E+00
    0.000000000000000000E+00 0.000000000000000000E+00 0.000000000000000000E+00
    0.000000000000000000E+00 0.000000000000000000E+00 0.000000000000000000E+00
    0.000000000000000000E+00 0.000000000000000000E+00 0.000000000000000000E+00
    0.000000000000000000E+00 0.000000000000000000E+00 0.000000000000000000E+00
    0.000000000000000000E+00 0.000000000000000000E+00 0.000000000000000000E+00
    0.000000000000000000E+00 0.000000000000000000E+00 0.000000000000000000E+00
    0.000000000000000000E+00 0.000000000000000000E+00 0.000000000000000000E+00
    0.000000000000000000E+00 0.000000000000000000E+00 0.000000000000000000E+00
    0.000000000000000000E+00 0.000000000000000000E+00 0.000000000000000000E+00
    0.000000000000000000E+00 0.000000000000000000E+00 0.000000000000000000E+00
    0.000000000000000000E+00 0.000000000000000000E+00 0.000000000000000000E+00
    0.000000000000000000E+00 0.000000000000000000E+00 0.000000000000000000E+00
    0.000000000000000000E+00 0.000000000000000000E+00 0.000000000000000000E+00
    0.000000000000000000E+00
 b=-0.000000000000000000E+00-0.000000000000000000E+00-0.000000000000000000E+00
    0.000000000000000000E+00 0.000000000000000000E+00 0.000000000000000000E+00
    0.000000000000000000E+00 0.000000000000000000E+00 0.000000000000000000E+00
    0.000000000000000000E+00 0.000000000000000000E+00 0.000000000000000000E+00
    0.000000000000000000E+00 0.000000000000000000E+00 0.000000000000000000E+00
    0.000000000000000000E+00 0.000000000000000000E+00 0.000000000000000000E+00
    0.000000000000000000E+00 0.000000000000000000E+00 0.000000000000000000E+00
    0.000000000000000000E+00 0.000000000000000000E+00 0.000000000000000000E+00
    0.000000000000000000E+00 0.000000000000000000E+00 0.000000000000000000E+00
    0.000000000000000000E+00 0.000000000000000000E+00 0.000000000000000000E+00
    0.000000000000000000E+00 0.000000000000000000E+00 0.000000000000000000E+00
    0.000000000000000000E+00 0.000000000000000000E+00 0.000000000000000000E+00
    0.000000000000000000E+00 0.000000000000000000E+00 0.000000000000000000E+00
    0.000000000000000000E+00 0.000000000000000000E+00 0.000000000000000000E+00
    0.000000000000000000E+00
 c= 0.000000000000000000E+00 0.000000000000000000E+00 0.000000000000000000E+00
    0.000000000000000000E+00 0.000000000000000000E+00 0.000000000000000000E+00
    0.000000000000000000E+00 0.000000000000000000E+00 0.000000000000000000E+00
    0.000000000000000000E+00 0.000000000000000000E+00 0.000000000000000000E+00
    0.000000000000000000E+00 0.000000000000000000E+00 0.000000000000000000E+00
    0.000000000000000000E+00 0.000000000000000000E+00 0.000000000000000000E+00
    0.000000000000000000E+00 0.000000000000000000E+00 0.000000000000000000E+00
    0.000000000000000000E+00 0.000000000000000000E+00 0.000000000000000000E+00
    0.000000000000000000E+00 0.000000000000000000E+00 0.000000000000000000E+00
    0.000000000000000000E+00 0.000000000000000000E+00 0.000000000000000000E+00
    0.000000000000000000E+00 0.000000000000000000E+00 0.000000000000000000E+00
    0.000000000000000000E+00 0.000000000000000000E+00 0.000000000000000000E+00
    0.000000000000000000E+00 0.000000000000000000E+00 0.000000000000000000E+00
    0.000000000000000000E+00 0.000000000000000000E+00 0.000000000000000000E+00
    0.000000000000000000E+00
EJ= 0.000000000000000000E+00 0.000000000000000000E+00 0.000000000000000000E+00
    0.000000000000000000E+00 0.000000000000000000E+00 0.000000000000000000E+00
    0.000000000000000000E+00 0.000000000000000000E+00 0.000000000000000000E+00
    0.000000000000000000E+00 0.000000000000000000E+00 0.000000000000000000E+00
    0.000000000000000000E+00 0.000000000000000000E+00 0.000000000000000000E+00
    0.000000000000000000E+00 0.000000000000000000E+00 0.000000000000000000E+00
    0.000000000000000000E+00 0.000000000000000000E+00 0.000000000000000000E+00
    0.000000000000000000E+00 0.000000000000000000E+00 0.000000000000000000E+00
    0.000000000000000000E+00 0.000000000000000000E+00 0.000000000000000000E+00
    0.000000000000000000E+00 0.000000000000000000E+00 0.000000000000000000E+00
    0.000000000000000000E+00 0.000000000000000000E+00 0.000000000000000000E+00
    0.000000000000000000E+00 0.000000000000000000E+00 0.000000000000000000E+00
    0.000000000000000000E+00 0.000000000000000000E+00 0.000000000000000000E+00
    0.000000000000000000E+00 0.000000000000000000E+00 0.000000000000000000E+00
    0.000000000000000000E+00
 stepsize estimates =  0.100000000000000000E+01  0.100000000000000000E+01
 stepsize stprat    =  0.000000000000000000E+00
 stepsize guesses   =  0.100000E+01  0.900000E+00  0.110000E+01  0.000000E+00
 penalties          =  0.000000E+00  0.000000E+00  0.000000E+00  0.000000E+00
pcgsoi: gnorm(1:2)  0.000000000000000000E+00  0.000000000000000000E+00
costterms Jb,Jo,Jc,Jl  =   2   0  0.000000000000000000E+00  0.000000000000000000E+00  0.000000000000000000E+00  0.000000000000000000E+00
cost,grad,step,b,step? =   2   0  0.000000000000000000E+00  0.000000000000000000E+00  1.000000000000000000E+00  0.000000000000000000E+00  good 
grad and penalty reduction WRT outer and initial iter=N/A
 PCGSOI: WARNING **** Stopping inner iteration ***
 penalty  0.000000000000000000E+00 less than  0.100000000000000004E-09
costterms Jb,Jo,Jc,Jl =   2   0  0.000000000000000000E+00  0.000000000000000000E+00  0.000000000000000000E+00  0.000000000000000000E+00
penalty and grad reduction WRT outer and initial iter=N/A
 Q_DIAG:  NEG Q  COUNT,RMS=        0   0.00000    
          NEG RH COUNT,RMS=        0   0.00000    
     SUPERSAT Q  COUNT,RMS=        0   0.00000    
     SUPERSAT RH COUNT,RMS=        0   0.00000    
 Q_DIAG:  mean_ps, mean_pw, pdryini=  98.5620      0.229977       98.3320    
